9 0
0 FE00000
0 1000000
0 2000000
0 3000000
0 4000000
0 5000000
0 6000000
0 7000000
9 0
0 0000000
0 1000000
0 2000000
0 3000000
0 4000000
0 5000000
0 7000000
9 0
0 8000000
9 0
8 0
9 0

2 0000000
2 1000000
2 2000000
2 3000000
2 4000000
2 5000000
2 6000000
2 7000000
9 0
2 0000000
2 1000000
2 2000000
2 3000000
2 4000000
2 5000000
2 7000000
9 0
2 8000000
9 0
8 0
9 0

9 0
1 0000000
1 1000000
1 2000000
1 3000000
1 4000000
1 5000000
1 6000000
1 7000000
9 0
1 0000000
1 1000000
1 2000000
1 3000000
1 4000000
1 5000000
1 7000000
9 0
1 8000000
9 0
8 0
9 0

0 000004F
0 1000040
0 2000040
0 3000040
0 4000040
0 5000040
0 6000040
0 7000040
9 0
3 100004A	
4 2000040	
5 3000040	
6 4000040	
5 8000040	
9 0

0 0000040	
9 0
