2 	008e00 

1              	208e00

2 	408e00

7
2 	608e00
2 	808e00
2 	a08e00
2 	c08e00
2 	e08e00
9	000000
2	008e00
9	000000
1	008e00
9	000000
2	408e00
9	000000
1	408e00
9	000000
2	208e00
9	000000
1	408e00
9	000000
4	a08e00
9	000000
5	a08e00
9	000000	
6	c08e00
9	000000
3	608e00
9	000000
3	808e00
9	000000
5 	808e00
9	000000
4 	808e00
9	000000
6 	e08e00
9	000000
5 	008e00 
9	000000
4 	008e00 
9	000000
6	208e00
9	000000
3	408e00
9	000000
3	208e00
9	000000
4	208e00
9	000000
5	208e00
9	000000
6	208e00
9	000000
