0 0
0 1
0 2
0 3
0 4
0 5
0 6
0 7
0 8
0 9
0 a
0 b
0 c
0 d
0 e
0 f
0 10
0 11
0 12
0 13
0 14
0 15
0 16
0 17
0 18
0 19
0 1a
0 1b
0 1c
0 1d
0 1e
0 1f
0 20
0 21
0 22
0 23
0 24
0 25
0 26
0 27
0 28
0 29
0 2a
0 2b
0 2c
0 2d
0 2e
0 2f
0 30
0 31
0 32
0 33
0 34
0 35
0 36
0 37
0 38
0 39
0 3a
0 3b
0 3c
0 3d
0 3e
0 3f
0 200000
0 200001
0 200002
0 200003
0 200004
0 200005
0 200006
0 200007
0 200008
0 200009
0 20000a
0 20000b
0 20000c
0 20000d
0 20000e
0 20000f
0 200010
0 200011
0 200012
0 200013
0 200014
0 200015
0 200016
0 200017
0 200018
0 200019
0 20001a
0 20001b
0 20001c
0 20001d
0 20001e
0 20001f
0 200020
0 200021
0 200022
0 200023
0 200024
0 200025
0 200026
0 200027
0 200028
0 200029
0 20002a
0 20002b
0 20002c
0 20002d
0 20002e
0 20002f
0 200030
0 200031
0 200032
0 200033
0 200034
0 200035
0 200036
0 200037
0 200038
0 200039
0 20003a
0 20003b
0 20003c
0 20003d
0 20003e
0 20003f
0 400000
0 400001
0 400002
0 400003
0 400004
0 400005
0 400006
0 400007
0 400008
0 400009
0 40000a
0 40000b
0 40000c
0 40000d
0 40000e
0 40000f
0 400010
0 400011
0 400012
0 400013
0 400014
0 400015
0 400016
0 400017
0 400018
0 400019
0 40001a
0 40001b
0 40001c
0 40001d
0 40001e
0 40001f
0 400020
0 400021
0 400022
0 400023
0 400024
0 400025
0 400026
0 400027
0 400028
0 400029
0 40002a
0 40002b
0 40002c
0 40002d
0 40002e
0 40002f
0 400030
0 400031
0 400032
0 400033
0 400034
0 400035
0 400036
0 400037
0 400038
0 400039
0 40003a
0 40003b
0 40003c
0 40003d
0 40003e
0 40003f
0 600000
0 600001
0 600002
0 600003
0 600004
0 600005
0 600006
0 600007
0 600008
0 600009
0 60000a
0 60000b
0 60000c
0 60000d
0 60000e
0 60000f
0 600010
0 600011
0 600012
0 600013
0 600014
0 600015
0 600016
0 600017
0 600018
0 600019
0 60001a
0 60001b
0 60001c
0 60001d
0 60001e
0 60001f
0 600020
0 600021
0 600022
0 600023
0 600024
0 600025
0 600026
0 600027
0 600028
0 600029
0 60002a
0 60002b
0 60002c
0 60002d
0 60002e
0 60002f
0 600030
0 600031
0 600032
0 600033
0 600034
0 600035
0 600036
0 600037
0 600038
0 600039
0 60003a
0 60003b
0 60003c
0 60003d
0 60003e
0 60003f
0 800000
0 800001
0 800002
0 800003
0 800004
0 800005
0 800006
0 800007
0 800008
0 800009
0 80000a
0 80000b
0 80000c
0 80000d
0 80000e
0 80000f
0 800010
0 800011
0 800012
0 800013
0 800014
0 800015
0 800016
0 800017
0 800018
0 800019
0 80001a
0 80001b
0 80001c
0 80001d
0 80001e
0 80001f
0 800020
0 800021
0 800022
0 800023
0 800024
0 800025
0 800026
0 800027
0 800028
0 800029
0 80002a
0 80002b
0 80002c
0 80002d
0 80002e
0 80002f
0 800030
0 800031
0 800032
0 800033
0 800034
0 800035
0 800036
0 800037
0 800038
0 800039
0 80003a
0 80003b
0 80003c
0 80003d
0 80003e
0 80003f
0 a00000
0 a00001
0 a00002
0 a00003
0 a00004
0 a00005
0 a00006
0 a00007
0 a00008
0 a00009
0 a0000a
0 a0000b
0 a0000c
0 a0000d
0 a0000e
0 a0000f
0 a00010
0 a00011
0 a00012
0 a00013
0 a00014
0 a00015
0 a00016
0 a00017
0 a00018
0 a00019
0 a0001a
0 a0001b
0 a0001c
0 a0001d
0 a0001e
0 a0001f
0 a00020
0 a00021
0 a00022
0 a00023
0 a00024
0 a00025
0 a00026
0 a00027
0 a00028
0 a00029
0 a0002a
0 a0002b
0 a0002c
0 a0002d
0 a0002e
0 a0002f
0 a00030
0 a00031
0 a00032
0 a00033
0 a00034
0 a00035
0 a00036
0 a00037
0 a00038
0 a00039
0 a0003a
0 a0003b
0 a0003c
0 a0003d
0 a0003e
0 a0003f
0 c00000
0 c00001
0 c00002
0 c00003
0 c00004
0 c00005
0 c00006
0 c00007
0 c00008
0 c00009
0 c0000a
0 c0000b
0 c0000c
0 c0000d
0 c0000e
0 c0000f
0 c00010
0 c00011
0 c00012
0 c00013
0 c00014
0 c00015
0 c00016
0 c00017
0 c00018
0 c00019
0 c0001a
0 c0001b
0 c0001c
0 c0001d
0 c0001e
0 c0001f
0 c00020
0 c00021
0 c00022
0 c00023
0 c00024
0 c00025
0 c00026
0 c00027
0 c00028
0 c00029
0 c0002a
0 c0002b
0 c0002c
0 c0002d
0 c0002e
0 c0002f
0 c00030
0 c00031
0 c00032
0 c00033
0 c00034
0 c00035
0 c00036
0 c00037
0 c00038
0 c00039
0 c0003a
0 c0003b
0 c0003c
0 c0003d
0 c0003e
0 c0003f
