2 208e00
2 408e00
2 608e00
2 808e00
2 a08e00
2 c08e00
2 e08e00
9 000000
2 008e00
9 000000
2 408e3f
9 000000
2 a08e3f
9 000000
2 e08e3f
2 808e3f
9 000000
2 a08e3f
9 000000
2 c08e3f
9 000000
2 e08e3f
9 000000
2 e08e3f
9 000000
2 1408e00
9 000000
2 1a08e00
9 000000
2 00f01f
2 20f01f
2 40f01f
1 80f01f
9 000000
1 20f01f
9 000000
2 60f01f
2 a0f01f
2 c0f01f
2 1a0f01f
9 000000
2 a0f01f
2 e0f014
2 40f01f
9 000000
2 180f01f
9 000000
6 20f01f
9 000000
1 20f01f
9 000000
4 40f01f
9 000000
3 e08e3f
5 180f01f
3 180f01f
7 180f01f
9 000000
2 1FFFFFF
9 000000
8 000000
9 000000
