0	85124940
9	85124940
0	85124940
9	85124940
1	85924940
9	85124940
0	85B24940
9	85124940
2	85A24940
9	85124940
1	85A24940
9	85124940
3	85A24940
9	85124940
4	85A24940
9	85124940
5	85B24940
9	85124940
1	85A24940
9	85124940
4	85A24940
9	85124940
2	85A24940
9	85124940
6	85A24940
9	85124940
0	84724940
9	85124940
1	84724940
9	85124940
0	85C24940
9	85124940
0	85C24940
9	85124940
1	85C24940
9	85124940
1	85C24940
9	85124940
0	85C24940
9	85124940
0	84324940
9	85124940
4	84324940
9	85124940
2	85D24940
9	85124940
4	85D24940
9	85124940
0	84624940
9	85124940
6	84624940
9	85124940
1	84624940
9	85124940
6	84624940
9	85124940
