

2 	10008e00
 
2 	10208e00
2 	10408e00
2 	10608e00
2 	10808e00
2 	10a08e00
2 	10c08e00
2 	10e08e00
9	10000000
2 	10008e00
9	000000
2 	10408e3f
9	000000
2	10a08e3f
9	000000
2 	10e08e3f
9	000000	
2 	10808e3f
9	000000
2 	10a08e3f
9	000000
2 	10c08e3f
9	000000
2 	10e08e3f
9	000000
2 	10e08e3f
9	000000
2       1408e00
9	000000
2       1a08e00
9	000000
2        1000f01f
2        1020f01f
2        1040f01f
1        1080f01f
9	000000
1        1020f01f
9	000000
2        1060f01f
2         10a0f01f
2         10c0f01f
2         101a0f01f
9	000000
2	10a0f01f
2	10e0f014
2	1040f01f
9	000000
2	10180f01f
9	000000
6	1020f01f
9     000000
1	1020f01f
9	000000

7	000000
9	000000

